16
*
16
*
1
*
00-1-9
#
01-1-7
#
02-1-6
#
03-1-4
#
04-1-1
#
05-1-5
#
06-1-10
#
07-1-3
#
08-1-8
#
09-1-2
#
10-1-11
#
11-1-0
*
1111111111111111
1000010100010001
1000010101010001
1000010001000001
1011111111111101
1000100000000001
1010001000000101
1000100000100001
1111111000001001
1000100001000001
1000101010000001
1010001000000101
1010111001010001
1000001001001001
1000001001000001
1111111111111111
*
00 01 02 01 00 01 03 02 04 00 01 02 01 00 03 05
06 11 11 11 11 00 11 07 11 11 11 02 11 11 11 08
00 11 11 11 11 04 11 02 11 10 11 05 11 11 11 06
01 11 11 11 11 03 11 11 11 00 11 11 11 11 11 00
02 11 00 10 05 10 03 09 08 02 07 04 00 08 11 04
01 11 11 11 10 11 11 11 11 11 11 11 11 11 11 08
00 11 02 11 11 11 08 11 11 11 11 11 11 02 11 06
04 11 11 11 10 11 11 11 11 11 02 11 11 11 11 00
02 00 03 02 05 00 10 11 11 11 11 11 08 11 11 05
03 11 11 11 04 11 11 11 11 00 11 11 11 11 11 09
01 11 11 11 03 11 08 11 05 11 11 11 11 11 11 08
00 11 10 11 11 11 07 11 11 11 11 11 11 08 11 06
01 11 10 11 08 07 04 11 11 07 11 09 11 11 11 00
02 11 11 11 11 11 10 11 11 03 11 11 00 11 11 04
05 11 11 11 11 11 00 11 11 00 11 11 11 11 11 06
03 01 00 01 02 01 00 04 02 03 01 00 01 02 01 00
*